  # energy grid [eV]     JDOS [1/eV] 
       0.000000       0.000000
       0.050083       0.000000
       0.100167       0.000000
       0.150250       0.000000
       0.200334       0.000000
       0.250417       0.000000
       0.300501       0.000000
       0.350584       0.000000
       0.400668       0.000000
       0.450751       0.000000
       0.500835       0.000000
       0.550918       0.000000
       0.601002       0.000000
       0.651085       0.000000
       0.701169       0.000000
       0.751252       0.000000
       0.801336       0.000000
       0.851419       0.000000
       0.901503       0.000000
       0.951586       0.000000
       1.001669       0.000000
       1.051753       0.000000
       1.101836       0.000000
       1.151920       0.000000
       1.202003       0.000000
       1.252087       0.000000
       1.302170       0.000000
       1.352254       0.000000
       1.402337       0.000000
       1.452421       0.000000
       1.502504       0.000000
       1.552588       0.000000
       1.602671       0.000000
       1.652755       0.000000
       1.702838       0.000000
       1.752922       0.000001
       1.803005       0.000007
       1.853088       0.000021
       1.903172       0.000040
       1.953255       0.000066
       2.003339       0.000095
       2.053422       0.000102
       2.103506       0.000086
       2.153589       0.000068
       2.203673       0.000058
       2.253756       0.000078
       2.303840       0.000119
       2.353923       0.000150
       2.404007       0.000163
       2.454090       0.000157
       2.504174       0.000150
       2.554257       0.000175
       2.604341       0.000255
       2.654424       0.000498
       2.704508       0.000918
       2.754591       0.001266
       2.804674       0.001464
       2.854758       0.001664
       2.904841       0.001858
       2.954925       0.001831
       3.005008       0.001566
       3.055092       0.001371
       3.105175       0.001536
       3.155259       0.001830
       3.205342       0.001841
       3.255426       0.001655
       3.305509       0.001588
       3.355593       0.001736
       3.405676       0.002246
       3.455760       0.003069
       3.505843       0.003508
       3.555927       0.003295
       3.606010       0.002906
       3.656093       0.002728
       3.706177       0.002812
       3.756260       0.002892
       3.806344       0.002767
       3.856427       0.002579
       3.906511       0.002492
       3.956594       0.002454
       4.006678       0.002541
       4.056761       0.002682
       4.106845       0.002568
       4.156928       0.002303
       4.207012       0.002203
       4.257095       0.002227
       4.307179       0.002324
       4.357262       0.002515
       4.407346       0.002648
       4.457429       0.002714
       4.507513       0.002847
       4.557596       0.002916
       4.607679       0.002825
       4.657763       0.002767
       4.707846       0.002876
       4.757930       0.002974
       4.808013       0.002949
       4.858097       0.002919
       4.908180       0.003009
       4.958264       0.003129
       5.008347       0.003105
       5.058431       0.003039
       5.108514       0.003155
       5.158598       0.003534
       5.208681       0.004064
       5.258765       0.004447
       5.308848       0.004428
       5.358932       0.004075
       5.409015       0.003624
       5.459098       0.003221
       5.509182       0.003070
       5.559265       0.003291
       5.609349       0.003734
       5.659432       0.004130
       5.709516       0.004311
       5.759599       0.004419
       5.809683       0.004466
       5.859766       0.004236
       5.909850       0.003941
       5.959933       0.003834
       6.010017       0.003800
       6.060100       0.003616
       6.110184       0.003435
       6.160267       0.003554
       6.210351       0.003822
       6.260434       0.003974
       6.310518       0.004019
       6.360601       0.004068
       6.410684       0.004057
       6.460768       0.003990
       6.510851       0.003986
       6.560935       0.003938
       6.611018       0.003693
       6.661102       0.003334
       6.711185       0.003059
       6.761269       0.002877
       6.811352       0.002813
       6.861436       0.002928
       6.911519       0.003037
       6.961603       0.003004
       7.011686       0.003030
       7.061770       0.003346
       7.111853       0.003773
       7.161937       0.003970
       7.212020       0.003905
       7.262104       0.003707
       7.312187       0.003403
       7.362270       0.003197
       7.412354       0.003212
       7.462437       0.003346
       7.512521       0.003645
       7.562604       0.004056
       7.612688       0.004233
       7.662771       0.004151
       7.712855       0.004055
       7.762938       0.004019
       7.813022       0.004060
       7.863105       0.004078
       7.913189       0.003920
       7.963272       0.003841
       8.013356       0.004082
       8.063439       0.004422
       8.113523       0.004696
       8.163606       0.004888
       8.213689       0.004962
       8.263773       0.004934
       8.313856       0.005025
       8.363940       0.005323
       8.414023       0.005752
       8.464107       0.006129
       8.514190       0.006133
       8.564274       0.005835
       8.614357       0.005588
       8.664441       0.005418
       8.714524       0.005238
       8.764608       0.005116
       8.814691       0.005108
       8.864775       0.005238
       8.914858       0.005200
       8.964942       0.004950
       9.015025       0.004947
       9.065109       0.005084
       9.115192       0.004926
       9.165275       0.004597
       9.215359       0.004325
       9.265442       0.004164
       9.315526       0.004181
       9.365609       0.004309
       9.415693       0.004420
       9.465776       0.004457
       9.515860       0.004509
       9.565943       0.004602
       9.616027       0.004565
       9.666110       0.004497
       9.716194       0.004546
       9.766277       0.004504
       9.816361       0.004400
       9.866444       0.004540
       9.916528       0.004966
       9.966611       0.005288
      10.016694       0.005275
      10.066778       0.005318
      10.116861       0.005730
      10.166945       0.006213
      10.217028       0.006362
      10.267112       0.006147
      10.317195       0.006042
      10.367279       0.006139
      10.417362       0.006007
      10.467446       0.005608
      10.517529       0.005255
      10.567613       0.005176
      10.617696       0.005425
      10.667780       0.005738
      10.717863       0.005806
      10.767947       0.005786
      10.818030       0.006038
      10.868114       0.006460
      10.918197       0.006729
      10.968280       0.006787
      11.018364       0.006553
      11.068447       0.006153
      11.118531       0.005820
      11.168614       0.005576
      11.218698       0.005477
      11.268781       0.005634
      11.318865       0.005964
      11.368948       0.006180
      11.419032       0.006328
      11.469115       0.006574
      11.519199       0.006825
      11.569282       0.007016
      11.619366       0.007170
      11.669449       0.007046
      11.719533       0.006664
      11.769616       0.006367
      11.819699       0.006350
      11.869783       0.006557
      11.919866       0.006750
      11.969950       0.007063
      12.020033       0.007814
      12.070117       0.008780
      12.120200       0.009491
      12.170284       0.009800
      12.220367       0.009668
      12.270451       0.009439
      12.320534       0.009430
      12.370618       0.009294
      12.420701       0.008953
      12.470785       0.008789
      12.520868       0.008752
      12.570952       0.008562
      12.621035       0.008058
      12.671119       0.007293
      12.721202       0.006751
      12.771285       0.006862
      12.821369       0.007525
      12.871452       0.008386
      12.921536       0.009163
      12.971619       0.009460
      13.021703       0.009231
      13.071786       0.008964
      13.121870       0.008839
      13.171953       0.008890
      13.222037       0.008986
      13.272120       0.009038
      13.322204       0.009331
      13.372287       0.009932
      13.422371       0.010493
      13.472454       0.010709
      13.522538       0.010445
      13.572621       0.009776
      13.622705       0.009263
      13.672788       0.009326
      13.722871       0.009779
      13.772955       0.010307
      13.823038       0.010589
      13.873122       0.010314
      13.923205       0.009875
      13.973289       0.009706
      14.023372       0.009532
      14.073456       0.009379
      14.123539       0.009371
      14.173623       0.009519
      14.223706       0.009979
      14.273790       0.010611
      14.323873       0.010986
      14.373957       0.011053
      14.424040       0.011126
      14.474124       0.011251
      14.524207       0.011118
      14.574290       0.010572
      14.624374       0.010280
      14.674457       0.010598
      14.724541       0.011148
      14.774624       0.011647
      14.824708       0.011709
      14.874791       0.011509
      14.924875       0.011747
      14.974958       0.012319
      15.025042       0.012537
      15.075125       0.012373
      15.125209       0.012560
      15.175292       0.013315
      15.225376       0.013928
      15.275459       0.013766
      15.325543       0.013007
      15.375626       0.012269
      15.425710       0.011842
      15.475793       0.011682
      15.525876       0.011860
      15.575960       0.012165
      15.626043       0.012030
      15.676127       0.011584
      15.726210       0.011302
      15.776294       0.011169
      15.826377       0.011117
      15.876461       0.011190
      15.926544       0.011260
      15.976628       0.011405
      16.026711       0.012012
      16.076795       0.012685
      16.126878       0.012891
      16.176962       0.012559
      16.227045       0.011708
      16.277129       0.010899
      16.327212       0.010732
      16.377295       0.011136
      16.427379       0.011936
      16.477462       0.012789
      16.527546       0.013224
      16.577629       0.013279
      16.627713       0.013215
      16.677796       0.013159
      16.727880       0.013104
      16.777963       0.012939
      16.828047       0.012762
      16.878130       0.012748
      16.928214       0.012773
      16.978297       0.012458
      17.028381       0.011804
      17.078464       0.011433
      17.128548       0.011481
      17.178631       0.011442
      17.228715       0.011089
      17.278798       0.010725
      17.328881       0.010820
      17.378965       0.011402
      17.429048       0.011951
      17.479132       0.011949
      17.529215       0.011244
      17.579299       0.010407
      17.629382       0.010062
      17.679466       0.010021
      17.729549       0.010118
      17.779633       0.010599
      17.829716       0.011307
      17.879800       0.011669
      17.929883       0.011608
      17.979967       0.011577
      18.030050       0.011606
      18.080134       0.011467
      18.130217       0.011237
      18.180301       0.010958
      18.230384       0.010584
      18.280467       0.010258
      18.330551       0.010269
      18.380634       0.010622
      18.430718       0.011244
      18.480801       0.011820
      18.530885       0.011925
      18.580968       0.011513
      18.631052       0.010889
      18.681135       0.010502
      18.731219       0.010641
      18.781302       0.011217
      18.831386       0.011843
      18.881469       0.012366
      18.931553       0.012865
      18.981636       0.013123
      19.031720       0.012797
      19.081803       0.012064
      19.131886       0.011432
      19.181970       0.011063
      19.232053       0.010864
      19.282137       0.010882
      19.332220       0.011183
      19.382304       0.011384
      19.432387       0.011360
      19.482471       0.011508
      19.532554       0.011906
      19.582638       0.012366
      19.632721       0.012491
      19.682805       0.012214
      19.732888       0.012175
      19.782972       0.012721
      19.833055       0.013380
      19.883139       0.013524
      19.933222       0.013080
      19.983306       0.012666
      20.033389       0.012760
      20.083472       0.013100
      20.133556       0.013411
      20.183639       0.013520
      20.233723       0.013245
      20.283806       0.013058
      20.333890       0.013314
      20.383973       0.013436
      20.434057       0.013056
      20.484140       0.012779
      20.534224       0.012996
      20.584307       0.013243
      20.634391       0.013156
      20.684474       0.013048
      20.734558       0.013332
      20.784641       0.013850
      20.834725       0.014325
      20.884808       0.014615
      20.934891       0.014622
      20.984975       0.014448
      21.035058       0.014434
      21.085142       0.014678
      21.135225       0.014836
      21.185309       0.014447
      21.235392       0.013633
      21.285476       0.012973
      21.335559       0.012769
      21.385643       0.012883
      21.435726       0.012756
      21.485810       0.012230
      21.535893       0.012058
      21.585977       0.012354
      21.636060       0.012619
      21.686144       0.012900
      21.736227       0.013311
      21.786311       0.013923
      21.836394       0.014621
      21.886477       0.015080
      21.936561       0.015228
      21.986644       0.014952
      22.036728       0.014471
      22.086811       0.014466
      22.136895       0.014810
      22.186978       0.014680
      22.237062       0.014284
      22.287145       0.014272
      22.337229       0.014549
      22.387312       0.014632
      22.437396       0.014381
      22.487479       0.014151
      22.537563       0.014364
      22.587646       0.014997
      22.637730       0.015484
      22.687813       0.015569
      22.737896       0.015319
      22.787980       0.014966
      22.838063       0.014645
      22.888147       0.014114
      22.938230       0.013795
      22.988314       0.014244
      23.038397       0.014833
      23.088481       0.014730
      23.138564       0.014178
      23.188648       0.013948
      23.238731       0.014171
      23.288815       0.014393
      23.338898       0.014428
      23.388982       0.014516
      23.439065       0.014686
      23.489149       0.014755
      23.539232       0.014924
      23.589316       0.015507
      23.639399       0.016009
      23.689482       0.016128
      23.739566       0.016420
      23.789649       0.016823
      23.839733       0.016500
      23.889816       0.015736
      23.939900       0.015240
      23.989983       0.015051
      24.040067       0.015141
      24.090150       0.015266
      24.140234       0.015146
      24.190317       0.014844
      24.240401       0.014552
      24.290484       0.014462
      24.340568       0.014455
      24.390651       0.014380
      24.440735       0.014259
      24.490818       0.014131
      24.540902       0.014175
      24.590985       0.014378
      24.641068       0.014410
      24.691152       0.014225
      24.741235       0.014368
      24.791319       0.015124
      24.841402       0.015947
      24.891486       0.016561
      24.941569       0.017207
      24.991653       0.017499
      25.041736       0.017108
      25.091820       0.016622
      25.141903       0.016531
      25.191987       0.016769
      25.242070       0.016986
      25.292154       0.016729
      25.342237       0.016112
      25.392321       0.015914
      25.442404       0.016367
      25.492487       0.017044
      25.542571       0.017474
      25.592654       0.017423
      25.642738       0.017193
      25.692821       0.017143
      25.742905       0.017056
      25.792988       0.016667
      25.843072       0.016273
      25.893155       0.016263
      25.943239       0.016773
      25.993322       0.017498
      26.043406       0.017787
      26.093489       0.017267
      26.143573       0.016282
      26.193656       0.015573
      26.243740       0.015426
      26.293823       0.015511
      26.343907       0.015783
      26.393990       0.016201
      26.444073       0.016506
      26.494157       0.016949
      26.544240       0.017450
      26.594324       0.017319
      26.644407       0.016718
      26.694491       0.016282
      26.744574       0.016071
      26.794658       0.016023
      26.844741       0.016150
      26.894825       0.016277
      26.944908       0.016392
      26.994992       0.016653
      27.045075       0.016768
      27.095159       0.016525
      27.145242       0.016316
      27.195326       0.016516
      27.245409       0.017039
      27.295492       0.017437
      27.345576       0.017443
      27.395659       0.017168
      27.445743       0.016744
      27.495826       0.016333
      27.545910       0.016382
      27.595993       0.016814
      27.646077       0.017015
      27.696160       0.016991
      27.746244       0.016980
      27.796327       0.016721
      27.846411       0.016340
      27.896494       0.016308
      27.946578       0.016888
      27.996661       0.017830
      28.046745       0.018368
      28.096828       0.018278
      28.146912       0.017997
      28.196995       0.017865
      28.247078       0.017838
      28.297162       0.017635
      28.347245       0.017586
      28.397329       0.017573
      28.447412       0.017169
      28.497496       0.016867
      28.547579       0.016976
      28.597663       0.017001
      28.647746       0.016714
      28.697830       0.016417
      28.747913       0.016379
      28.797997       0.016660
      28.848080       0.017086
      28.898164       0.017375
      28.948247       0.017766
      28.998331       0.018292
      29.048414       0.018430
      29.098497       0.018255
      29.148581       0.018157
      29.198664       0.018045
      29.248748       0.017453
      29.298831       0.016606
      29.348915       0.016322
      29.398998       0.016758
      29.449082       0.017443
      29.499165       0.018187
      29.549249       0.018821
      29.599332       0.018801
      29.649416       0.018027
      29.699499       0.017359
      29.749583       0.017327
      29.799666       0.017367
      29.849750       0.017098
      29.899833       0.016799
      29.949917       0.016770
      30.000000       0.016981
